  7.0789000e-001  1.3636000e-001  6.0963000e-001  3.1443000e-001  4.1304000e-001  8.3448000e-001  7.0253000e-001  1.1321000e-001  5.1420000e-001  4.7099000e-001  3.3333000e-001  5.8608000e-001  7.1826000e-001  0.0000000e+000  0.0000000e+000  1.0000000e+000
  3.6579000e-001  1.7194000e-001  4.4385000e-001  6.1340000e-001  4.1304000e-001  3.5172000e-001  3.6920000e-001  3.9623000e-001  3.7855000e-001  6.6553000e-002  4.7154000e-001  6.1905000e-001  4.7789000e-002  0.0000000e+000  1.0000000e+000  0.0000000e+000
  8.4211000e-001  1.9170000e-001  5.7219000e-001  2.5773000e-001  6.1957000e-001  6.2759000e-001  5.7384000e-001  2.8302000e-001  5.9306000e-001  3.7201000e-001  4.5528000e-001  9.7070000e-001  5.6134000e-001  0.0000000e+000  0.0000000e+000  1.0000000e+000
  3.5263000e-001  3.9526000e-002  0.0000000e+000  0.0000000e+000  1.9565000e-001  3.4483000e-001  4.8523000e-002  2.8302000e-001  3.1546000e-003  5.7167000e-002  4.6341000e-001  2.0147000e-001  1.7261000e-001  0.0000000e+000  1.0000000e+000  0.0000000e+000
  4.8158000e-001  1.2055000e-001  5.1337000e-001  3.8144000e-001  5.6522000e-001  1.8276000e-001  1.9198000e-001  1.5094000e-001  1.6719000e-001  2.4061000e-001  2.2764000e-001  7.3260000e-003  2.5107000e-001  1.0000000e+000  0.0000000e+000  0.0000000e+000
  3.5263000e-001  1.7589000e-001  5.0267000e-001  7.1649000e-001  1.9565000e-001  4.2759000e-001  4.4515000e-001  5.0943000e-001  4.7003000e-001  7.1672000e-002  3.3333000e-001  5.5311000e-001  4.5649000e-002  0.0000000e+000  1.0000000e+000  0.0000000e+000
  2.6579000e-001  7.0356000e-001  5.4545000e-001  5.8763000e-001  1.0870000e-001  3.8621000e-001  2.9747000e-001  5.4717000e-001  2.9653000e-001  1.1263000e-001  2.5203000e-001  4.7619000e-001  2.1541000e-001  0.0000000e+000  1.0000000e+000  0.0000000e+000
  5.7105000e-001  2.0553000e-001  4.1711000e-001  3.0928000e-002  3.2609000e-001  5.7586000e-001  5.1055000e-001  2.4528000e-001  2.7445000e-001  2.6451000e-001  4.6341000e-001  7.8022000e-001  5.5064000e-001  0.0000000e+000  0.0000000e+000  1.0000000e+000
  3.4211000e-001  7.1146000e-002  4.9198000e-001  2.7835000e-001  3.3696000e-001  3.6897000e-001  1.5823000e-001  9.4340000e-001  0.0000000e+000  1.6980000e-001  6.2602000e-001  1.4652000e-001  2.8673000e-001  0.0000000e+000  1.0000000e+000  0.0000000e+000
  4.8684000e-001  4.4466000e-001  5.5615000e-001  4.8454000e-001  3.6957000e-001  1.1034000e-001  1.8565000e-001  2.0755000e-001  1.3249000e-001  3.5154000e-001  2.1138000e-001  5.4945000e-002  1.7974000e-001  1.0000000e+000  0.0000000e+000  0.0000000e+000
  3.6842000e-001  1.5613000e-001  4.9733000e-001  5.6186000e-001  1.7391000e-001  6.0690000e-001  5.9283000e-001  4.9057000e-001  4.2902000e-001  2.2696000e-001  1.7073000e-001  5.7509000e-001  5.2782000e-002  0.0000000e+000  1.0000000e+000  0.0000000e+000
  2.0000000e-001  2.7470000e-001  7.5936000e-001  9.2268000e-001  2.3913000e-001  3.9655000e-001  4.0084000e-001  8.4906000e-001  4.2587000e-001  1.4676000e-001  3.9837000e-001  4.2857000e-001  1.3409000e-001  0.0000000e+000  1.0000000e+000  0.0000000e+000
  5.6053000e-001  3.2016000e-001  7.0053000e-001  4.1237000e-001  3.3696000e-001  6.2759000e-001  6.1181000e-001  3.2075000e-001  7.5710000e-001  3.7543000e-001  4.4715000e-001  6.9597000e-001  6.4693000e-001  0.0000000e+000  0.0000000e+000  1.0000000e+000
  4.2368000e-001  1.2253000e-001  3.5294000e-001  3.1959000e-001  3.2609000e-001  3.5862000e-001  2.2574000e-001  7.5472000e-001  6.6246000e-002  3.8140000e-001  4.0650000e-001  1.1722000e-001  1.2268000e-001  0.0000000e+000  1.0000000e+000  0.0000000e+000
  4.6842000e-001  3.1028000e-001  5.5615000e-001  6.9072000e-001  3.0435000e-001  5.8621000e-002  1.5823000e-001  2.6415000e-001  1.3249000e-001  3.7713000e-001  1.4634000e-001  3.2967000e-002  2.0114000e-001  1.0000000e+000  0.0000000e+000  0.0000000e+000
  2.2105000e-001  7.0553000e-001  5.5080000e-001  5.3608000e-001  1.3043000e-001  6.4828000e-001  5.6751000e-001  1.5094000e-001  7.8864000e-001  1.2969000e-001  2.1951000e-001  8.6813000e-001  7.2753000e-002  0.0000000e+000  1.0000000e+000  0.0000000e+000
  2.7368000e-001  2.8063000e-001  4.3316000e-001  5.3608000e-001  1.6304000e-001  5.5862000e-001  4.8734000e-001  4.5283000e-001  2.9653000e-001  1.2628000e-001  3.0894000e-001  7.3626000e-001  7.1327000e-002  0.0000000e+000  1.0000000e+000  0.0000000e+000
  8.7895000e-001  2.3913000e-001  6.0963000e-001  3.1959000e-001  4.6739000e-001  9.8966000e-001  6.6456000e-001  2.0755000e-001  5.5836000e-001  5.5631000e-001  3.0894000e-001  7.9853000e-001  8.5735000e-001  0.0000000e+000  0.0000000e+000  1.0000000e+000
  6.9474000e-001  1.0079000e-001  2.9947000e-001  3.8144000e-001  2.6087000e-001  3.8621000e-001  3.0591000e-001  3.5849000e-001  1.0095000e-001  2.1502000e-001  6.0976000e-001  4.3590000e-001  2.5107000e-001  0.0000000e+000  1.0000000e+000  0.0000000e+000
  4.3947000e-001  5.5534000e-001  5.3476000e-001  5.6186000e-001  3.9130000e-001  2.4828000e-001  1.8143000e-001  7.5472000e-002  1.3565000e-001  3.1741000e-001  2.4390000e-001  7.3260000e-003  2.2967000e-001  1.0000000e+000  0.0000000e+000  0.0000000e+000
  5.8158000e-001  3.6561000e-001  8.0749000e-001  5.3608000e-001  5.2174000e-001  6.2759000e-001  4.9578000e-001  4.9057000e-001  4.4479000e-001  2.5939000e-001  4.5528000e-001  6.0806000e-001  3.2596000e-001  0.0000000e+000  0.0000000e+000  1.0000000e+000
  3.5263000e-001  7.7075000e-002  4.2781000e-001  4.3299000e-001  1.8478000e-001  8.6897000e-001  5.8228000e-001  1.1321000e-001  4.6057000e-001  2.7048000e-001  6.0163000e-001  5.8608000e-001  1.0128000e-001  0.0000000e+000  1.0000000e+000  0.0000000e+000
  3.8947000e-001  9.8814000e-002  4.7594000e-001  3.5567000e-001  1.6304000e-001  3.5172000e-001  5.0633000e-002  8.8679000e-001  2.6498000e-001  3.5580000e-001  2.1951000e-001  8.7912000e-002  2.6534000e-001  1.0000000e+000  0.0000000e+000  0.0000000e+000
  3.6579000e-001  7.2925000e-001  7.3262000e-001  8.1959000e-001  3.4783000e-001  4.2069000e-001  3.7764000e-001  5.6604000e-001  4.1009000e-001  6.8259000e-002  3.5772000e-001  6.7766000e-001  6.2054000e-002  0.0000000e+000  1.0000000e+000  0.0000000e+000
  5.3158000e-001  1.0000000e+000  4.1176000e-001  5.6186000e-001  1.7391000e-001  5.6552000e-001  4.8734000e-001  3.2075000e-001  5.0473000e-001  1.1263000e-001  2.0325000e-001  6.7033000e-001  7.2753000e-002  0.0000000e+000  1.0000000e+000  0.0000000e+000
  8.3421000e-001  2.0158000e-001  5.8289000e-001  2.3711000e-001  4.5652000e-001  7.8966000e-001  6.4346000e-001  3.9623000e-001  4.9211000e-001  4.6672000e-001  4.6341000e-001  5.7875000e-001  8.3595000e-001  0.0000000e+000  0.0000000e+000  1.0000000e+000
  3.0000000e-001  1.4032000e-001  6.2567000e-001  4.3299000e-001  3.6957000e-001  3.1379000e-001  2.9747000e-001  6.0377000e-001  1.9558000e-001  1.4249000e-001  7.8862000e-001  3.5165000e-001  5.4922000e-002  0.0000000e+000  1.0000000e+000  0.0000000e+000
  4.1316000e-001  3.3992000e-001  4.4920000e-001  4.0722000e-001  2.6087000e-001  2.2069000e-001  6.7511000e-002  9.4340000e-001  1.6719000e-001  4.9659000e-001  2.0325000e-001  1.1355000e-001  2.9743000e-001  1.0000000e+000  0.0000000e+000  0.0000000e+000
  1.1053000e-001  3.2806000e-001  5.6684000e-001  4.8454000e-001  2.8261000e-001  6.6207000e-001  5.1688000e-001  3.5849000e-001  4.4795000e-001  1.6809000e-001  2.6016000e-001  7.7656000e-001  2.4750000e-001  0.0000000e+000  1.0000000e+000  0.0000000e+000
  1.3947000e-001  2.5889000e-001  1.0000000e+000  9.2268000e-001  5.3261000e-001  7.5862000e-001  1.0000000e+000  6.4151000e-001  4.6057000e-001  4.0273000e-001  3.6585000e-001  8.8645000e-001  1.3338000e-001  0.0000000e+000  1.0000000e+000  0.0000000e+000
  8.8421000e-001  2.2332000e-001  5.8289000e-001  2.0619000e-001  2.8261000e-001  5.2414000e-001  4.5992000e-001  3.2075000e-001  4.9527000e-001  3.3874000e-001  4.3902000e-001  8.4615000e-001  7.2183000e-001  0.0000000e+000  0.0000000e+000  1.0000000e+000
  3.5263000e-001  9.2885000e-002  6.4171000e-001  3.8660000e-001  3.0435000e-001  4.9655000e-001  4.8734000e-001  4.5283000e-001  5.2681000e-001  2.8328000e-001  5.7724000e-001  3.7729000e-001  2.8531000e-001  0.0000000e+000  1.0000000e+000  0.0000000e+000
  3.2105000e-001  7.8656000e-001  6.3102000e-001  5.3608000e-001  2.0652000e-001  1.3793000e-001  2.7426000e-002  7.5472000e-001  1.2303000e-001  2.1928000e-001  2.1951000e-001  0.0000000e+000  3.1526000e-001  1.0000000e+000  0.0000000e+000  0.0000000e+000
  4.5789000e-001  5.3162000e-001  3.3155000e-001  2.7835000e-001  1.0870000e-001  2.2414000e-001  1.9198000e-001  5.6604000e-001  1.3249000e-001  1.8089000e-001  1.7886000e-001  3.1136000e-001  6.7047000e-002  0.0000000e+000  1.0000000e+000  0.0000000e+000
  2.5526000e-001  5.3162000e-001  3.4225000e-001  4.3299000e-001  1.8478000e-001  3.5172000e-001  2.7426000e-001  4.5283000e-001  4.6057000e-001  0.0000000e+000  3.6585000e-001  6.5201000e-001  2.0399000e-001  0.0000000e+000  1.0000000e+000  0.0000000e+000
  7.9737000e-001  2.7866000e-001  6.6845000e-001  3.6082000e-001  5.5435000e-001  5.5862000e-001  4.5781000e-001  3.3962000e-001  2.6498000e-001  3.2167000e-001  4.7154000e-001  8.4615000e-001  7.2539000e-001  0.0000000e+000  0.0000000e+000  1.0000000e+000
  5.4737000e-001  5.3360000e-002  1.8182000e-001  2.2680000e-001  8.6957000e-002  6.8966000e-001  5.9916000e-001  2.4528000e-001  5.8991000e-001  3.4300000e-001  5.2033000e-001  6.9963000e-001  1.5977000e-001  0.0000000e+000  1.0000000e+000  0.0000000e+000
  3.9474000e-001  9.4269000e-001  6.8449000e-001  7.4227000e-001  2.8261000e-001  2.7931000e-001  5.4852000e-002  9.4340000e-001  2.1767000e-001  3.1741000e-001  2.7642000e-001  1.5385000e-001  1.6904000e-001  1.0000000e+000  0.0000000e+000  0.0000000e+000
  1.0000000e+000  1.7787000e-001  4.3316000e-001  1.7526000e-001  2.9348000e-001  6.2759000e-001  5.5696000e-001  3.0189000e-001  4.9527000e-001  3.3447000e-001  4.8780000e-001  5.7875000e-001  5.4708000e-001  0.0000000e+000  0.0000000e+000  1.0000000e+000
  3.5263000e-001  8.4980000e-002  2.9947000e-001  4.6392000e-001  8.6957000e-002  3.8966000e-001  3.5021000e-001  2.6415000e-001  1.9874000e-001  2.9010000e-001  5.2033000e-001  8.0952000e-001  1.6548000e-001  0.0000000e+000  1.0000000e+000  0.0000000e+000
  6.4737000e-001  5.6324000e-001  4.4385000e-001  4.5876000e-001  1.9565000e-001  2.2069000e-001  2.9536000e-002  8.4906000e-001  1.4826000e-001  3.7713000e-001  2.6829000e-001  2.0147000e-001  2.1541000e-001  1.0000000e+000  0.0000000e+000  0.0000000e+000
  7.4474000e-001  1.2055000e-001  4.8663000e-001  2.7835000e-001  3.0435000e-001  6.8966000e-001  5.9283000e-001  1.6981000e-001  4.5426000e-001  5.0683000e-001  4.3089000e-001  8.3516000e-001  5.4708000e-001  0.0000000e+000  0.0000000e+000  1.0000000e+000
  6.0789000e-001  3.9526000e-002  5.3476000e-001  3.2990000e-001  4.3478000e-001  5.3448000e-001  2.0253000e-001  7.9245000e-001  3.1546000e-003  1.6126000e-001  4.3902000e-001  2.4176000e-001  3.3666000e-001  0.0000000e+000  1.0000000e+000  0.0000000e+000
  4.7632000e-001  4.3874000e-001  6.6845000e-001  6.9072000e-001  3.3696000e-001  4.6207000e-001  5.4852000e-002  7.5472000e-001  1.2618000e-001  3.1058000e-001  3.3333000e-001  3.2234000e-001  2.2254000e-001  1.0000000e+000  0.0000000e+000  0.0000000e+000
  8.0789000e-001  2.8063000e-001  5.0267000e-001  3.8144000e-001  3.8043000e-001  6.7931000e-001  6.2869000e-001  1.6981000e-001  6.2145000e-001  3.8140000e-001  6.2602000e-001  6.9597000e-001  8.7874000e-001  0.0000000e+000  0.0000000e+000  1.0000000e+000
  3.1053000e-001  8.8933000e-002  2.0856000e-001  3.1959000e-001  8.8043000e-001  3.0000000e-001  1.9831000e-001  1.8868000e-002  6.5931000e-001  1.3396000e-001  6.5041000e-001  6.5934000e-001  3.1384000e-001  0.0000000e+000  1.0000000e+000  0.0000000e+000
  5.0000000e-001  4.0909000e-001  7.1658000e-001  5.3608000e-001  2.8261000e-001  1.9310000e-001  3.3755000e-002  7.5472000e-001  1.0726000e-001  2.8328000e-001  2.3577000e-001  3.8095000e-001  2.2967000e-001  1.0000000e+000  0.0000000e+000  0.0000000e+000
  8.1316000e-001  1.4625000e-001  5.1337000e-001  3.1959000e-001  2.7174000e-001  4.2069000e-001  4.4093000e-001  2.4528000e-001  3.6593000e-001  3.1741000e-001  5.6098000e-001  5.6777000e-001  7.1469000e-001  0.0000000e+000  0.0000000e+000  1.0000000e+000
  3.3158000e-001  1.7194000e-001  4.5455000e-001  5.0515000e-001  3.5870000e-001  4.1379000e-002  1.4346000e-001  4.5283000e-001  3.3123000e-001  1.5102000e-001  3.4959000e-001  2.0147000e-001  4.2225000e-001  0.0000000e+000  1.0000000e+000  0.0000000e+000
  6.1316000e-001  3.5968000e-001  5.2941000e-001  4.8454000e-001  2.0652000e-001  1.4483000e-001  3.3755000e-002  4.5283000e-001  7.2555000e-002  3.6860000e-001  1.7886000e-001  4.3956000e-001  3.5806000e-001  1.0000000e+000  0.0000000e+000  0.0000000e+000
  7.1579000e-001  1.9565000e-001  5.6150000e-001  2.7835000e-001  2.0652000e-001  5.5862000e-001  5.1055000e-001  3.0189000e-001  4.4164000e-001  3.6860000e-001  5.4472000e-001  5.9707000e-001  7.4322000e-001  0.0000000e+000  0.0000000e+000  1.0000000e+000
  7.4474000e-001  1.5217000e-001  7.0053000e-001  7.4227000e-001  1.7391000e-001  6.7931000e-001  5.3165000e-001  1.5094000e-001  4.6057000e-001  1.7918000e-001  7.1545000e-001  6.9231000e-001  9.4151000e-002  0.0000000e+000  1.0000000e+000  0.0000000e+000
  6.5526000e-001  4.8024000e-001  7.2727000e-001  6.6495000e-001  2.9348000e-001  1.9655000e-001  3.7975000e-002  6.9811000e-001  4.4164000e-002  2.6195000e-001  3.3333000e-001  2.8938000e-001  1.7261000e-001  1.0000000e+000  0.0000000e+000  0.0000000e+000
  9.7895000e-001  1.9565000e-001  5.5080000e-001  4.1237000e-002  2.2826000e-001  7.3103000e-001  7.0675000e-001  5.6604000e-001  7.5710000e-001  3.5154000e-001  6.2602000e-001  5.3480000e-001  6.2197000e-001  0.0000000e+000  0.0000000e+000  1.0000000e+000
  6.4737000e-001  1.8182000e-001  4.7059000e-001  6.9072000e-001  1.8478000e-001  3.1034000e-001  3.1646000e-001  2.6415000e-001  1.9558000e-001  2.0990000e-001  4.0650000e-001  5.5311000e-001  1.3837000e-001  0.0000000e+000  1.0000000e+000  0.0000000e+000
  6.8158000e-001  8.3202000e-001  5.2941000e-001  4.8454000e-001  2.3913000e-001  3.5172000e-001  9.7046000e-002  6.4151000e-001  1.9243000e-001  2.6621000e-001  3.4959000e-001  2.8571000e-001  1.9401000e-001  1.0000000e+000  0.0000000e+000  0.0000000e+000
  8.8158000e-001  2.2332000e-001  5.4545000e-001  7.2165000e-002  3.4783000e-001  8.0000000e-001  6.9620000e-001  3.0189000e-001  8.0442000e-001  5.3072000e-001  5.8537000e-001  6.3370000e-001  9.0514000e-001  0.0000000e+000  0.0000000e+000  1.0000000e+000
  5.1579000e-001  1.8379000e-001  6.6310000e-001  1.0000000e+000  7.5000000e-001  8.0000000e-001  5.3797000e-001  1.5094000e-001  4.8896000e-001  1.7662000e-001  6.7480000e-001  8.1685000e-001  5.0428000e-001  0.0000000e+000  1.0000000e+000  0.0000000e+000
  3.2105000e-001  6.2055000e-001  4.4920000e-001  4.0722000e-001  4.5652000e-001  1.3793000e-001  9.2827000e-002  3.0189000e-001  2.3028000e-001  5.9130000e-001  1.3821000e-001  2.6740000e-001  4.1155000e-001  1.0000000e+000  0.0000000e+000  0.0000000e+000
  6.8421000e-001  2.1146000e-001  7.1658000e-001  3.4021000e-001  4.5652000e-001  6.4483000e-001  5.4219000e-001  3.2075000e-001  3.3123000e-001  5.1365000e-001  6.5041000e-001  5.8974000e-001  7.3609000e-001  0.0000000e+000  0.0000000e+000  1.0000000e+000
  2.4474000e-001  6.9170000e-002  5.0267000e-001  5.3608000e-001  3.3696000e-001  8.2759000e-001  3.7975000e-001  0.0000000e+000  3.9117000e-001  1.6468000e-001  4.1463000e-001  6.8132000e-001  4.3367000e-001  0.0000000e+000  1.0000000e+000  0.0000000e+000
  5.6053000e-001  5.5929000e-001  4.2246000e-001  5.3608000e-001  3.4783000e-001  1.7931000e-001  4.4304000e-002  5.6604000e-001  2.8076000e-001  2.3208000e-001  9.7561000e-002  1.5018000e-001  3.9372000e-001  1.0000000e+000  0.0000000e+000  0.0000000e+000
  8.6053000e-001  2.3320000e-001  7.2727000e-001  4.8454000e-001  5.4348000e-001  6.2759000e-001  5.9072000e-001  3.7736000e-001  4.9211000e-001  4.1980000e-001  4.7967000e-001  5.0549000e-001  7.1469000e-001  0.0000000e+000  0.0000000e+000  1.0000000e+000
  1.6579000e-001  2.2530000e-001  2.9947000e-001  2.7835000e-001  2.9348000e-001  2.1724000e-001  2.5949000e-001  3.9623000e-001  2.3344000e-001  2.1502000e-001  6.0976000e-001  3.1868000e-001  1.0699000e-001  0.0000000e+000  1.0000000e+000  0.0000000e+000
  7.5000000e-001  8.4980000e-001  4.6524000e-001  4.8454000e-001  1.0870000e-001  0.0000000e+000  0.0000000e+000  5.0943000e-001  8.5174000e-002  3.0887000e-001  8.1301000e-002  2.1978000e-002  9.7718000e-002  1.0000000e+000  0.0000000e+000  0.0000000e+000
  7.3684000e-001  1.6403000e-001  6.7380000e-001  4.8454000e-001  4.8913000e-001  6.7931000e-001  6.4557000e-001  5.0943000e-001  4.1325000e-001  4.5392000e-001  5.2846000e-001  4.7619000e-001  6.0770000e-001  0.0000000e+000  0.0000000e+000  1.0000000e+000
  5.2632000e-001  3.1621000e-002  1.8717000e-001  2.7835000e-001  1.7391000e-001  3.3448000e-001  3.5654000e-001  2.0755000e-001  3.3123000e-001  2.8328000e-001  5.7724000e-001  4.4322000e-001  8.1312000e-002  0.0000000e+000  1.0000000e+000  0.0000000e+000
  4.8421000e-001  7.6482000e-001  5.9893000e-001  5.6186000e-001  1.7391000e-001  2.4828000e-001  6.5401000e-002  6.4151000e-001  1.4196000e-001  5.4352000e-001  4.8780000e-002  2.1612000e-001  2.4750000e-001  1.0000000e+000  0.0000000e+000  0.0000000e+000
  8.3158000e-001  1.6798000e-001  5.9893000e-001  3.0412000e-001  4.1304000e-001  8.0000000e-001  7.5738000e-001  3.5849000e-001  4.5741000e-001  6.3311000e-001  6.0976000e-001  5.6777000e-001  1.0000000e+000  0.0000000e+000  0.0000000e+000  1.0000000e+000
  2.1316000e-001  4.2490000e-001  4.6524000e-001  3.8144000e-001  4.5652000e-001  2.5517000e-001  2.0675000e-001  5.6604000e-001  1.7035000e-001  1.1689000e-001  3.9024000e-001  4.5788000e-001  1.5835000e-001  0.0000000e+000  1.0000000e+000  0.0000000e+000
  6.0263000e-001  4.9407000e-001  5.4545000e-001  5.6186000e-001  2.3913000e-001  3.2759000e-001  8.8608000e-002  6.0377000e-001  2.6498000e-001  6.0922000e-001  5.6911000e-002  1.2821000e-001  2.6534000e-001  1.0000000e+000  0.0000000e+000  0.0000000e+000
  6.8684000e-001  4.6640000e-001  6.4171000e-001  2.3711000e-001  5.0000000e-001  5.9310000e-001  5.6751000e-001  7.5472000e-002  3.9432000e-001  3.2594000e-001  3.9024000e-001  7.6557000e-001  4.0442000e-001  0.0000000e+000  0.0000000e+000  1.0000000e+000
  3.4211000e-001  4.9407000e-002  3.1551000e-001  2.1649000e-001  7.1739000e-001  3.1724000e-001  3.1857000e-001  4.1509000e-001  7.4132000e-001  1.8089000e-001  4.7154000e-001  3.8095000e-001  3.3666000e-001  0.0000000e+000  1.0000000e+000  0.0000000e+000
  5.3947000e-001  6.2451000e-001  5.3476000e-001  5.6186000e-001  4.6739000e-001  1.4828000e-001  2.2152000e-001  3.9623000e-001  2.3028000e-001  6.9283000e-001  7.3171000e-002  2.1978000e-002  1.9401000e-001  1.0000000e+000  0.0000000e+000  0.0000000e+000
  7.9737000e-001  1.7589000e-001  4.9198000e-001  2.7835000e-001  6.0870000e-001  6.9655000e-001  5.9705000e-001  2.0755000e-001  5.3312000e-001  3.7287000e-001  4.9593000e-001  8.9377000e-001  3.5806000e-001  0.0000000e+000  0.0000000e+000  1.0000000e+000
  4.3947000e-001  6.1858000e-001  5.5615000e-001  6.3918000e-001  3.3696000e-001  6.3793000e-001  4.6624000e-001  5.6604000e-001  4.8580000e-001  1.1007000e-001  5.7724000e-001  6.8132000e-001  1.3195000e-001  0.0000000e+000  1.0000000e+000  0.0000000e+000
  6.5000000e-001  4.7036000e-001  6.7380000e-001  6.9072000e-001  5.7609000e-001  1.4483000e-001  2.5949000e-001  1.6981000e-001  2.6498000e-001  6.2457000e-001  8.9431000e-002  1.0989000e-002  1.5835000e-001  1.0000000e+000  0.0000000e+000  0.0000000e+000
  5.0000000e-001  6.0474000e-001  6.8984000e-001  4.1237000e-001  3.4783000e-001  4.9310000e-001  4.3671000e-001  2.2642000e-001  4.9527000e-001  2.7474000e-001  4.4715000e-001  8.2418000e-001  3.5093000e-001  0.0000000e+000  0.0000000e+000  1.0000000e+000
  2.5526000e-001  3.5573000e-002  3.4225000e-001  4.3299000e-001  1.7391000e-001  4.9655000e-001  4.0506000e-001  3.2075000e-001  3.2177000e-001  1.0410000e-001  7.3171000e-001  6.7766000e-001  0.0000000e+000  0.0000000e+000  1.0000000e+000  0.0000000e+000
  4.6316000e-001  3.8142000e-001  5.9893000e-001  5.8763000e-001  4.5652000e-001  1.7241000e-001  2.1519000e-001  2.0755000e-001  2.6814000e-001  8.1229000e-001  0.0000000e+000  7.3260000e-002  1.4408000e-001  1.0000000e+000  0.0000000e+000  0.0000000e+000
  7.0526000e-001  2.2134000e-001  5.3476000e-001  3.0928000e-001  3.3696000e-001  5.6207000e-001  5.3586000e-001  2.6415000e-001  4.0379000e-001  2.1502000e-001  5.1220000e-001  1.0000000e+000  5.3994000e-001  0.0000000e+000  0.0000000e+000  1.0000000e+000
  4.4474000e-001  2.1146000e-001  4.4920000e-001  4.2268000e-001  1.7391000e-001  4.2069000e-001  4.6203000e-001  2.4528000e-001  4.2902000e-001  2.2355000e-001  5.5285000e-001  6.8498000e-001  3.1098000e-001  0.0000000e+000  1.0000000e+000  0.0000000e+000
  5.4737000e-001  2.2925000e-001  7.4332000e-001  7.6804000e-001  5.0000000e-001  4.2069000e-001  1.9831000e-001  2.4528000e-001  3.6278000e-001  4.9659000e-001  1.0569000e-001  2.1978000e-002  1.0485000e-001  1.0000000e+000  0.0000000e+000  0.0000000e+000
  4.7895000e-001  1.6996000e-001  6.2032000e-001  3.7113000e-001  2.7174000e-001  5.1724000e-001  4.2827000e-001  2.4528000e-001  3.3123000e-001  2.2611000e-001  4.9593000e-001  8.6447000e-001  5.2568000e-001  0.0000000e+000  0.0000000e+000  1.0000000e+000
  2.7632000e-001  7.7075000e-002  6.1497000e-001  6.9072000e-001  8.6957000e-002  3.5172000e-001  2.6160000e-001  5.0943000e-001  3.1230000e-001  7.8498000e-002  6.7480000e-001  5.3114000e-001  2.5107000e-001  0.0000000e+000  1.0000000e+000  0.0000000e+000
  5.7895000e-001  5.0593000e-001  4.9198000e-001  4.0722000e-001  3.0435000e-001  2.8276000e-001  1.0338000e-001  9.0566000e-001  4.6057000e-001  7.8840000e-001  6.5041000e-002  8.7912000e-002  2.8317000e-001  1.0000000e+000  0.0000000e+000  0.0000000e+000
  6.5000000e-001  2.1146000e-001  6.6845000e-001  4.8454000e-001  2.8261000e-001  5.3448000e-001  4.7890000e-001  2.8302000e-001  3.9432000e-001  1.9113000e-001  5.2033000e-001  9.3407000e-001  4.0442000e-001  0.0000000e+000  0.0000000e+000  1.0000000e+000
  5.3158000e-001  6.1660000e-001  5.1337000e-001  6.1340000e-001  1.6304000e-001  2.3103000e-001  2.6371000e-001  9.0566000e-001  3.8170000e-001  3.0034000e-001  2.9268000e-001  2.7106000e-001  1.6904000e-001  0.0000000e+000  1.0000000e+000  0.0000000e+000
  4.0789000e-001  1.0870000e-001  3.9572000e-001  4.8454000e-001  3.5870000e-001  1.7241000e-001  5.0633000e-002  7.5472000e-001  3.1230000e-001  5.3925000e-001  8.1301000e-002  1.0256000e-001  2.5820000e-001  1.0000000e+000  0.0000000e+000  0.0000000e+000
  5.3158000e-001  2.5889000e-001  9.9465000e-001  7.4227000e-001  5.8696000e-001  5.6897000e-001  4.9367000e-001  6.4151000e-001  4.7634000e-001  1.9625000e-001  5.2846000e-001  7.0696000e-001  3.9372000e-001  0.0000000e+000  0.0000000e+000  1.0000000e+000
  2.1316000e-001  2.9644000e-002  6.5241000e-001  3.8144000e-001  2.6087000e-001  4.2069000e-001  3.9451000e-001  1.6981000e-001  6.1199000e-001  1.5102000e-001  2.5203000e-001  6.6300000e-001  1.7261000e-001  0.0000000e+000  1.0000000e+000  0.0000000e+000
  5.6316000e-001  8.7945000e-001  5.1337000e-001  5.8763000e-001  2.5000000e-001  2.6207000e-001  6.1181000e-002  9.0566000e-001  3.5962000e-001  5.6485000e-001  9.7561000e-002  7.6923000e-002  3.1883000e-001  1.0000000e+000  0.0000000e+000  0.0000000e+000
  6.2105000e-001  2.0356000e-001  6.7380000e-001  2.8351000e-001  2.5000000e-001  6.4483000e-001  5.4852000e-001  3.9623000e-001  3.2808000e-001  3.0034000e-001  3.5772000e-001  7.1429000e-001  6.5407000e-001  0.0000000e+000  0.0000000e+000  1.0000000e+000
  4.3158000e-001  4.7431000e-002  4.7059000e-001  3.8144000e-001  3.1522000e-001  4.2069000e-001  3.3755000e-001  3.2075000e-001  3.3123000e-001  1.1433000e-001  6.0976000e-001  6.9231000e-001  1.2268000e-001  0.0000000e+000  1.0000000e+000  0.0000000e+000
  7.3947000e-001  6.6798000e-001  5.4545000e-001  4.5876000e-001  2.0652000e-001  2.8276000e-001  1.0338000e-001  6.6038000e-001  3.6278000e-001  6.5956000e-001  7.3171000e-002  1.3553000e-001  1.4408000e-001  1.0000000e+000  0.0000000e+000  0.0000000e+000
  5.9737000e-001  1.9368000e-001  4.1711000e-001  3.2990000e-001  2.6087000e-001  4.8966000e-001  3.9030000e-001  2.6415000e-001  2.9653000e-001  2.2782000e-001  4.3902000e-001  5.4945000e-001  7.1826000e-001  0.0000000e+000  0.0000000e+000  1.0000000e+000
  2.9737000e-001  1.7194000e-001  5.0802000e-001  6.2887000e-001  2.1739000e-001  2.7586000e-001  2.8481000e-001  5.6604000e-001  3.6278000e-001  9.9829000e-002  6.9106000e-001  3.6264000e-001  1.5478000e-001  0.0000000e+000  1.0000000e+000  0.0000000e+000
  3.7368000e-001  4.5257000e-001  6.8449000e-001  8.4536000e-001  2.9348000e-001  3.1724000e-001  5.0633000e-002  9.4340000e-001  2.3028000e-001  5.3072000e-001  1.5447000e-001  1.6850000e-001  4.2939000e-001  1.0000000e+000  0.0000000e+000  0.0000000e+000
  7.4737000e-001  2.2925000e-001  7.7005000e-001  4.5361000e-001  4.0217000e-001  6.7931000e-001  5.5485000e-001  4.5283000e-001  4.2587000e-001  2.7474000e-001  6.2602000e-001  7.8022000e-001  4.5435000e-001  0.0000000e+000  0.0000000e+000  1.0000000e+000
  1.6316000e-001  1.8379000e-001  6.7380000e-001  7.9381000e-001  1.9565000e-001  3.2414000e-001  2.6793000e-001  5.0943000e-001  2.9338000e-001  1.1263000e-001  7.1545000e-001  7.1062000e-001  2.0257000e-001  0.0000000e+000  1.0000000e+000  0.0000000e+000
  8.7105000e-001  1.8577000e-001  7.1658000e-001  7.4227000e-001  3.0435000e-001  6.2759000e-001  2.0464000e-001  7.5472000e-001  7.2240000e-001  1.0000000e+000  7.3171000e-002  2.5275000e-001  2.7247000e-001  1.0000000e+000  0.0000000e+000  0.0000000e+000
  7.8684000e-001  1.8577000e-001  4.5455000e-001  2.7835000e-001  2.8261000e-001  5.7586000e-001  4.1983000e-001  2.4528000e-001  4.9527000e-001  2.9181000e-001  4.5528000e-001  8.4982000e-001  5.3994000e-001  0.0000000e+000  0.0000000e+000  1.0000000e+000
  1.6053000e-001  2.6087000e-001  5.8824000e-001  5.6701000e-001  1.5217000e-001  3.3448000e-001  2.8481000e-001  6.6038000e-001  2.9653000e-001  1.2969000e-001  4.2276000e-001  5.4212000e-001  2.8673000e-001  0.0000000e+000  1.0000000e+000  0.0000000e+000
  6.4474000e-001  1.8379000e-001  6.8449000e-001  6.1340000e-001  2.0652000e-001  5.5862000e-001  1.6034000e-001  7.3585000e-001  5.9306000e-001  8.9334000e-001  7.3171000e-002  1.8681000e-001  2.4394000e-001  1.0000000e+000  0.0000000e+000  0.0000000e+000
  7.1053000e-001  1.5020000e-001  7.1658000e-001  6.1340000e-001  3.3696000e-001  6.9655000e-001  6.1392000e-001  3.0189000e-001  6.2145000e-001  3.7713000e-001  5.7724000e-001  5.2747000e-001  7.1826000e-001  0.0000000e+000  0.0000000e+000  1.0000000e+000
  2.7632000e-001  1.1660000e-001  5.0267000e-001  6.7010000e-001  0.0000000e+000  4.2069000e-001  2.6371000e-001  5.4717000e-001  3.0599000e-001  3.9249000e-002  4.7967000e-001  7.1062000e-001  2.4750000e-001  0.0000000e+000  1.0000000e+000  0.0000000e+000
  3.5000000e-001  6.1067000e-001  5.4545000e-001  5.3608000e-001  1.9565000e-001  4.5517000e-001  1.2236000e-001  6.9811000e-001  1.9874000e-001  5.4352000e-001  6.5041000e-002  1.1355000e-001  1.7261000e-001  1.0000000e+000  0.0000000e+000  0.0000000e+000
  6.7105000e-001  1.8182000e-001  5.3476000e-001  4.3814000e-001  3.9130000e-001  6.4828000e-001  6.0127000e-001  1.6981000e-001  4.8580000e-001  4.7952000e-001  4.9593000e-001  5.8974000e-001  8.8231000e-001  0.0000000e+000  0.0000000e+000  1.0000000e+000
  2.7632000e-001  2.1542000e-001  5.1337000e-001  4.0722000e-001  1.1957000e-001  2.1379000e-001  2.4473000e-001  7.3585000e-001  3.8801000e-001  9.5563000e-002  4.8780000e-001  3.6630000e-001  1.4408000e-001  0.0000000e+000  1.0000000e+000  0.0000000e+000
  7.0000000e-001  4.9802000e-001  6.3102000e-001  4.8454000e-001  4.0217000e-001  2.9310000e-001  4.6414000e-002  6.9811000e-001  1.2303000e-001  3.9249000e-001  3.9024000e-001  2.0147000e-001  2.8673000e-001  1.0000000e+000  0.0000000e+000  0.0000000e+000
  6.9737000e-001  2.1542000e-001  5.3476000e-001  3.4021000e-001  3.6957000e-001  4.9655000e-001  4.9578000e-001  5.4717000e-001  4.9211000e-001  2.1843000e-001  6.0976000e-001  5.8608000e-001  5.0785000e-001  0.0000000e+000  0.0000000e+000  1.0000000e+000
  2.5526000e-001  1.5217000e-001  5.6684000e-001  5.8763000e-001  1.7391000e-001  1.6207000e-001  1.9198000e-001  6.9811000e-001  3.8486000e-001  1.9795000e-001  4.6341000e-001  5.0549000e-001  1.2268000e-001  0.0000000e+000  1.0000000e+000  0.0000000e+000
  4.7895000e-001  5.0000000e-001  6.5241000e-001  5.8763000e-001  3.9130000e-001  2.3103000e-001  5.4852000e-002  8.8679000e-001  1.7350000e-001  3.6689000e-001  3.1707000e-001  3.0769000e-001  2.0827000e-001  1.0000000e+000  0.0000000e+000  0.0000000e+000
  7.1842000e-001  1.5613000e-001  7.1658000e-001  4.5876000e-001  6.7391000e-001  6.7931000e-001  5.0633000e-001  6.9811000e-001  2.9653000e-001  3.5154000e-001  6.2602000e-001  6.3370000e-001  6.8260000e-001  0.0000000e+000  0.0000000e+000  1.0000000e+000
  4.3684000e-001  1.5613000e-001  4.8128000e-001  5.2062000e-001  1.0870000e-001  1.3793000e-001  2.3629000e-001  8.4906000e-001  3.8170000e-001  1.5102000e-001  3.9024000e-001  2.8938000e-001  1.5478000e-001  0.0000000e+000  1.0000000e+000  0.0000000e+000
  5.0789000e-001  5.3557000e-001  5.2941000e-001  4.0722000e-001  3.9130000e-001  1.4138000e-001  7.5949000e-002  5.0943000e-001  1.6719000e-001  3.4130000e-001  1.6260000e-001  1.7582000e-001  2.8317000e-001  1.0000000e+000  0.0000000e+000  0.0000000e+000
  6.5263000e-001  2.0949000e-001  6.8984000e-001  4.3299000e-001  4.3478000e-001  4.7241000e-001  4.6203000e-001  3.0189000e-001  3.5647000e-001  2.4915000e-001  5.0407000e-001  5.8608000e-001  5.8274000e-001  0.0000000e+000  0.0000000e+000  1.0000000e+000
  3.3158000e-001  4.1304000e-001  4.5989000e-001  3.8144000e-001  1.9565000e-001  5.0690000e-001  4.0295000e-001  2.2642000e-001  4.9842000e-001  7.4232000e-002  5.4472000e-001  7.4359000e-001  8.5592000e-003  0.0000000e+000  1.0000000e+000  0.0000000e+000
  7.2368000e-001  3.9921000e-001  5.0267000e-001  5.8763000e-001  2.1739000e-001  1.2759000e-001  7.1730000e-002  5.2830000e-001  1.9558000e-001  7.0819000e-001  1.7886000e-001  1.5018000e-001  2.4037000e-001  1.0000000e+000  0.0000000e+000  0.0000000e+000
  6.4474000e-001  2.1146000e-001  5.6150000e-001  5.1031000e-001  3.2609000e-001  5.9310000e-001  5.5696000e-001  2.4528000e-001  4.5741000e-001  3.2594000e-001  4.5528000e-001  8.0586000e-001  4.5792000e-001  0.0000000e+000  0.0000000e+000  1.0000000e+000
  1.5526000e-001  2.4704000e-001  4.9198000e-001  3.8144000e-001  3.0435000e-001  7.0345000e-001  4.0506000e-001  7.5472000e-002  2.9653000e-001  1.6809000e-001  5.5285000e-001  6.1905000e-001  4.7789000e-002  0.0000000e+000  1.0000000e+000  0.0000000e+000
  7.1053000e-001  7.1542000e-001  4.8128000e-001  6.1340000e-001  1.9565000e-001  1.0345000e-001  2.7426000e-002  7.3585000e-001  2.3344000e-001  4.5563000e-001  2.4390000e-001  1.7582000e-001  1.7261000e-001  1.0000000e+000  0.0000000e+000  0.0000000e+000
  5.9211000e-001  1.7787000e-001  7.9144000e-001  2.5258000e-001  4.3478000e-001  5.5862000e-001  4.9367000e-001  3.9623000e-001  2.9968000e-001  2.8328000e-001  4.9593000e-001  5.5311000e-001  4.2939000e-001  0.0000000e+000  0.0000000e+000  1.0000000e+000
  3.7895000e-001  1.5415000e-001  4.4920000e-001  4.3299000e-001  1.0000000e+000  5.2414000e-001  4.0717000e-001  3.5849000e-001  9.0536000e-001  1.1263000e-001  5.5285000e-001  4.9817000e-001  4.7004000e-001  0.0000000e+000  1.0000000e+000  0.0000000e+000
  6.3684000e-001  5.8498000e-001  6.6310000e-001  6.3918000e-001  4.4565000e-001  2.4828000e-001  1.2236000e-001  5.6604000e-001  3.3123000e-001  8.0205000e-001  3.0081000e-001  1.0623000e-001  2.9743000e-001  1.0000000e+000  0.0000000e+000  0.0000000e+000
  5.3158000e-001  1.7984000e-001  6.3636000e-001  3.8144000e-001  3.0435000e-001  5.0690000e-001  4.4093000e-001  3.0189000e-001  3.2492000e-001  2.5341000e-001  5.2033000e-001  4.5421000e-001  5.8987000e-001  0.0000000e+000  0.0000000e+000  1.0000000e+000
  2.0526000e-001  2.7273000e-001  7.3797000e-001  5.6186000e-001  6.9565000e-001  2.1379000e-001  1.3713000e-001  1.8868000e-002  3.6278000e-001  1.0410000e-001  3.8211000e-001  3.6264000e-001  2.4750000e-001  0.0000000e+000  1.0000000e+000  0.0000000e+000
  4.7105000e-001  5.1976000e-001  5.0267000e-001  4.5876000e-001  1.9565000e-001  1.7241000e-001  6.7511000e-002  5.0943000e-001  1.7666000e-001  7.6621000e-001  1.9512000e-001  1.7582000e-001  2.9030000e-001  1.0000000e+000  0.0000000e+000  0.0000000e+000
  5.3684000e-001  1.5020000e-001  3.9572000e-001  2.5258000e-001  3.0435000e-001  4.8966000e-001  4.8523000e-001  2.8302000e-001  3.0284000e-001  2.0648000e-001  5.6911000e-001  5.2015000e-001  5.2924000e-001  0.0000000e+000  0.0000000e+000  1.0000000e+000
  3.3158000e-001  1.3241000e-001  3.3155000e-001  2.7835000e-001  1.6304000e-001  5.4138000e-001  4.5570000e-001  3.0189000e-001  4.2902000e-001  1.3823000e-001  6.0976000e-001  5.3846000e-001  1.0699000e-001  0.0000000e+000  1.0000000e+000  0.0000000e+000
  6.7105000e-001  3.6364000e-001  7.1123000e-001  7.1649000e-001  3.8043000e-001  1.9655000e-001  1.0549000e-001  4.9057000e-001  3.5647000e-001  6.2969000e-001  2.1138000e-001  1.9414000e-001  3.3666000e-001  1.0000000e+000  0.0000000e+000  0.0000000e+000
  8.3947000e-001  6.4229000e-001  6.1497000e-001  1.3402000e-001  6.3043000e-001  6.9655000e-001  5.6962000e-001  1.3208000e-001  5.2681000e-001  3.2594000e-001  3.3333000e-001  8.2784000e-001  3.4379000e-001  0.0000000e+000  0.0000000e+000  1.0000000e+000
  3.5263000e-001  6.5217000e-002  3.9572000e-001  4.0722000e-001  1.9565000e-001  8.7586000e-001  7.1941000e-001  2.0755000e-001  4.8580000e-001  2.7474000e-001  4.5528000e-001  5.4945000e-001  2.7247000e-001  0.0000000e+000  1.0000000e+000  0.0000000e+000
  6.2368000e-001  7.6285000e-001  8.0214000e-001  7.4227000e-001  4.5652000e-001  3.4483000e-001  1.3080000e-001  2.6415000e-001  2.2082000e-001  6.1604000e-001  1.5447000e-001  2.3810000e-001  2.5107000e-001  1.0000000e+000  0.0000000e+000  0.0000000e+000
  6.6579000e-001  1.9170000e-001  5.0802000e-001  2.8866000e-001  5.1087000e-001  7.4828000e-001  6.2236000e-001  3.9623000e-001  6.0883000e-001  4.1382000e-001  3.8211000e-001  7.7289000e-001  3.6876000e-001  0.0000000e+000  0.0000000e+000  1.0000000e+000
  3.3158000e-001  4.8024000e-001  4.5455000e-001  3.8144000e-001  1.9565000e-001  6.4483000e-001  5.5907000e-001  6.0377000e-001  7.5710000e-001  8.7031000e-002  7.6423000e-001  5.7143000e-001  9.1298000e-002  0.0000000e+000  1.0000000e+000  0.0000000e+000
  3.0789000e-001  4.5257000e-001  5.1337000e-001  4.3299000e-001  2.8261000e-001  9.3103000e-002  3.1646000e-002  5.0943000e-001  1.0095000e-001  3.6007000e-001  1.4634000e-001  2.0513000e-001  1.6548000e-001  1.0000000e+000  0.0000000e+000  0.0000000e+000
  6.2632000e-001  6.1265000e-001  4.0642000e-001  4.2268000e-001  2.1739000e-001  5.0690000e-001  4.9367000e-001  2.6415000e-001  3.3754000e-001  2.5597000e-001  3.4959000e-001  6.3370000e-001  5.3994000e-001  0.0000000e+000  0.0000000e+000  1.0000000e+000
  2.7632000e-001  2.6482000e-001  1.8182000e-001  3.5567000e-001  2.9348000e-001  4.3103000e-001  3.8608000e-001  2.4528000e-001  3.1230000e-001  1.7235000e-001  6.4228000e-001  6.1905000e-001  3.0813000e-001  0.0000000e+000  1.0000000e+000  0.0000000e+000
  4.5789000e-001  3.2609000e-001  4.9198000e-001  4.5876000e-001  1.7391000e-001  1.4138000e-001  3.5865000e-002  6.6038000e-001  7.2555000e-002  7.3549000e-001  7.3171000e-002  1.3187000e-001  1.3695000e-001  1.0000000e+000  0.0000000e+000  0.0000000e+000
  7.5000000e-001  2.2727000e-001  6.5775000e-001  2.2680000e-001  3.3696000e-001  7.8276000e-001  6.7932000e-001  7.5472000e-002  4.0694000e-001  3.5410000e-001  3.2520000e-001  8.3883000e-001  5.8274000e-001  0.0000000e+000  0.0000000e+000  1.0000000e+000
  4.1316000e-001  1.1858000e-001  2.8877000e-001  4.0722000e-001  1.9565000e-001  1.6207000e-001  2.1519000e-001  3.0189000e-001  2.9653000e-001  9.9829000e-002  4.5528000e-001  5.4945000e-001  2.0257000e-001  0.0000000e+000  1.0000000e+000  0.0000000e+000
  5.8158000e-001  6.4032000e-001  4.9733000e-001  3.5567000e-001  3.5870000e-001  5.7241000e-001  4.8312000e-001  3.5849000e-001  3.9432000e-001  2.6280000e-001  2.7642000e-001  6.3370000e-001  2.8673000e-001  0.0000000e+000  0.0000000e+000  1.0000000e+000
  3.4474000e-001  3.3794000e-001  5.8824000e-001  5.3608000e-001  3.0435000e-001  5.4483000e-001  3.7342000e-001  3.9623000e-001  2.8391000e-001  1.2969000e-001  2.6016000e-001  7.7289000e-001  1.1412000e-001  0.0000000e+000  1.0000000e+000  0.0000000e+000
  7.0526000e-001  9.7036000e-001  5.8289000e-001  5.1031000e-001  2.7174000e-001  2.4138000e-001  5.6962000e-002  7.3585000e-001  2.0505000e-001  5.4778000e-001  1.3008000e-001  1.7216000e-001  3.2953000e-001  1.0000000e+000  0.0000000e+000  0.0000000e+000
  5.3158000e-001  2.0356000e-001  3.9572000e-001  3.2990000e-001  4.0217000e-001  6.9655000e-001  5.6118000e-001  2.8302000e-001  5.1104000e-001  3.2082000e-001  3.2520000e-001  7.6190000e-001  4.3295000e-001  0.0000000e+000  0.0000000e+000  1.0000000e+000
  2.0789000e-001  1.9368000e-001  2.7807000e-001  4.5876000e-001  1.7391000e-001  5.2414000e-001  2.7426000e-001  4.5283000e-001  3.1861000e-001  6.6553000e-002  3.7398000e-001  4.2857000e-001  9.7718000e-002  0.0000000e+000  1.0000000e+000  0.0000000e+000
  8.3684000e-001  6.5217000e-001  5.7754000e-001  4.2784000e-001  4.4565000e-001  6.4483000e-001  4.8734000e-001  3.2075000e-001  2.6498000e-001  3.3788000e-001  3.1707000e-001  7.5458000e-001  5.7204000e-001  0.0000000e+000  0.0000000e+000  1.0000000e+000
  3.8947000e-001  1.9565000e-001  3.3155000e-001  5.1031000e-001  1.6304000e-001  4.2069000e-001  3.3333000e-001  3.5849000e-001  3.3754000e-001  1.4164000e-001  4.5528000e-001  8.4249000e-001  2.8103000e-001  0.0000000e+000  1.0000000e+000  0.0000000e+000
  8.8158000e-001  5.6324000e-001  4.9198000e-001  2.7835000e-001  3.4783000e-001  7.8276000e-001  5.9705000e-001  2.6415000e-001  5.6151000e-001  3.0887000e-001  4.5528000e-001  7.9487000e-001  5.6134000e-001  0.0000000e+000  0.0000000e+000  1.0000000e+000
  3.6579000e-001  3.5771000e-001  4.8663000e-001  5.8763000e-001  2.1739000e-001  2.4138000e-001  3.1646000e-001  1.0000000e+000  3.1861000e-001  1.2116000e-001  3.0894000e-001  7.4359000e-001  2.6391000e-002  0.0000000e+000  1.0000000e+000  0.0000000e+000
  5.6316000e-001  3.6561000e-001  5.4011000e-001  4.8454000e-001  5.4348000e-001  2.3103000e-001  7.1730000e-002  7.5472000e-001  3.3123000e-001  6.8430000e-001  9.7561000e-002  1.2821000e-001  4.0086000e-001  1.0000000e+000  0.0000000e+000  0.0000000e+000
  7.5526000e-001  1.8577000e-001  4.0642000e-001  2.7835000e-001  3.3696000e-001  7.3103000e-001  6.4346000e-001  1.5094000e-001  5.4574000e-001  4.1126000e-001  3.4959000e-001  7.5458000e-001  5.0428000e-001  0.0000000e+000  0.0000000e+000  1.0000000e+000
  3.2105000e-001  1.9565000e-001  4.0642000e-001  4.3299000e-001  1.0870000e-001  2.3103000e-001  3.5654000e-001  4.5283000e-001  3.8486000e-001  1.8089000e-001  4.2276000e-001  6.9597000e-001  1.6548000e-001  0.0000000e+000  1.0000000e+000  0.0000000e+000
  8.1579000e-001  6.6403000e-001  7.3797000e-001  7.1649000e-001  2.8261000e-001  3.6897000e-001  8.8608000e-002  8.1132000e-001  2.9653000e-001  6.7577000e-001  1.0569000e-001  1.2088000e-001  2.0114000e-001  1.0000000e+000  0.0000000e+000  0.0000000e+000
  8.0789000e-001  2.5296000e-001  5.5615000e-001  4.2268000e-001  3.5870000e-001  6.1034000e-001  5.4430000e-001  3.5849000e-001  6.2145000e-001  4.1980000e-001  4.7967000e-001  5.4212000e-001  5.5777000e-001  0.0000000e+000  0.0000000e+000  1.0000000e+000
  4.4474000e-001  1.9960000e-001  4.9198000e-001  6.1340000e-001  1.5217000e-001  1.3793000e-001  2.9958000e-001  6.6038000e-001  3.8486000e-001  1.7235000e-001  3.2520000e-001  4.2125000e-001  1.4979000e-001  0.0000000e+000  1.0000000e+000  0.0000000e+000
  7.6579000e-001  1.9565000e-001  4.8663000e-001  3.5052000e-001  4.1304000e-001  6.5517000e-001  6.7511000e-001  3.5849000e-001  5.2681000e-001  6.5017000e-001  5.2033000e-001  6.7033000e-001  7.0043000e-001  0.0000000e+000  0.0000000e+000  1.0000000e+000
  3.1316000e-001  1.0870000e-001  3.1016000e-001  4.3299000e-001  2.3913000e-001  4.7586000e-001  3.5865000e-001  4.9057000e-001  5.2681000e-001  1.2116000e-001  3.0894000e-001  6.4103000e-001  2.4251000e-002  0.0000000e+000  1.0000000e+000  0.0000000e+000
  5.3158000e-001  1.9565000e-001  3.6364000e-001  9.2784000e-002  2.3913000e-001  6.0000000e-001  6.1814000e-001  7.5472000e-002  7.8864000e-001  5.0512000e-001  5.2033000e-001  6.0073000e-001  6.2197000e-001  0.0000000e+000  0.0000000e+000  1.0000000e+000
